coco
5
coco-1.mp4
video/mp4; codecs="avc1.42C015, mp4a.40.2"
593614
3003
50
0 1237
1237 270231
271468 257957
529425 145848
675273 147430
822703 155045
977748 207149
1184897 185679
1370576 304930
1675506 317544
1993050 297852
2290902 312885
2603787 296302
2900089 197729
3097818 260614
3358432 238584
3597016 278575
3875591 253670
4129261 202869
4332130 267247
4599377 215254
4814631 267843
5082474 280807
5363281 348185
5711466 244663
5956129 355444
6311573 275612
6587185 229378
6816563 210158
7026721 206098
7232819 241809
7474628 355491
7830119 280059
8110178 264580
8374758 168912
8543670 232971
8776641 166508
8943149 228049
9171198 273290
9444488 313378
9757866 321986
10079852 335729
10415581 266502
10682083 254219
10936302 330341
11266643 245987
11512630 302797
11815427 294478
12109905 102235
12212140 68729
coco-2.mp4
video/mp4; codecs="avc1.42C01E, mp4a.40.2"
983096
3003
50
0 1237
1237 407599
408836 393808
802644 213862
1016506 220008
1236514 233856
1470370 320040
1790410 273918
2064328 466742
2531070 515846
3046916 466386
3513302 490037
4003339 472771
4476110 310098
4786208 419569
5205777 361264
5567041 436783
6003824 403724
6407548 312774
6720322 413206
7133528 330114
7463642 392264
7855906 495255
8351161 565144
8916305 371716
9288021 587881
9875902 428112
10304014 335228
10639242 321154
10960396 297098
11257494 373358
11630852 539207
12170059 466401
12636460 420462
13056922 251818
13308740 354354
13663094 240432
13903526 344603
14248129 396762
14644891 486272
15131163 507852
15639015 544829
16183844 415888
16599732 381771
16981503 522783
17504286 372021
17876307 482431
18358738 449416
18808154 132565
18940719 88437
coco-3.mp4
video/mp4; codecs="avc1.42C01E, mp4a.40.2"
1363130
3003
50
0 1237
1237 537768
539005 519938
1058943 278141
1337084 291896
1628980 309314
1938294 436773
2375067 355950
2731017 607850
3338867 694188
4033055 608234
4641289 645704
5286993 640892
5927885 409034
6336919 556266
6893185 473651
7366836 578798
7945634 542800
8488434 421107
8909541 563836
9473377 441066
9914443 504282
10418725 694108
11112833 769330
11882163 489432
12371595 796925
13168520 583856
13752376 445319
14197695 420659
14618354 383826
15002180 491914
15494094 728599
16222693 615815
16838508 557152
17395660 333414
17729074 461283
18190357 306928
18497285 478898
18976183 516166
19492349 639832
20132181 672860
20805041 748408
21553449 529230
22082679 512112
22594791 703744
23298535 471297
23769832 655711
24425543 596015
25021558 149279
25170837 110360
coco-4.mp4
video/mp4; codecs="avc1.42C01F, mp4a.40.2"
1763706
3003
50
0 1237
1237 674981
676218 654339
1330557 349021
1679578 369510
2049088 389498
2438586 565169
3003755 450031
3453786 771618
4225404 883639
5109043 775993
5885036 809294
6694330 825356
7519686 526294
8045980 717513
8763493 609696
9373189 739431
10112620 702314
10814934 540713
11355647 722935
12078582 560769
12639351 638206
13277557 916367
14193924 978270
15172194 601311
15773505 1005890
16779395 749558
17528953 561848
18090801 525494
18616295 478170
19094465 618016
19712481 929264
20641745 767962
21409707 714720
22124427 421190
22545617 577009
23122626 382668
23505294 609329
24114623 647704
24762327 814359
25576686 854290
26430976 958037
27389013 675992
28065005 689192
28754197 885374
29639571 571913
30211484 816490
31027974 754650
31782624 165268
31947892 132115
coco-5.mp4
video/mp4; codecs="avc1.42C01F, mp4a.40.2"
2125252
3003
50
0 1234
1234 776922
778156 758874
1537030 393828
1930858 436835
2367693 455725
2823418 688434
3511852 553142
4064994 908651
4973645 1052311
6025956 913847
6939803 979075
7918878 1005674
8924552 627058
9551610 859841
10411451 738631
11150082 884240
12034322 846095
12880417 650358
13530775 859198
14389973 650777
15040750 740400
15781150 1104973
16886123 1189989
18076112 703759
18779871 1165384
19945255 887437
20832692 659806
21492498 592552
22085050 580776
22665826 738295
23404121 1087031
24491152 873942
25365094 853946
26219040 491353
26710393 665404
27375797 443992
27819789 741360
28561149 758865
29320014 950864
30270878 992986
31263864 1162769
32426633 806210
33232843 842673
34075516 1025477
35100993 642203
35743196 969578
36712774 892608
37605382 181957
37787339 146516
